Time:  2.516979 seconds
Error: 0.000000e+00
Time:  2.356694 seconds
Error: 0.000000e+00
Time:  2.407588 seconds
Error: 0.000000e+00
