Time:  0.050289 seconds
Error: 0.000000e+00
Time:  0.000037 seconds
Error: 0.000000e+00
Time:  0.000459 seconds
Error: 0.000000e+00
