Time:  4.098982 seconds
Error: 0.000000e+00
Time:  3.980858 seconds
Error: 0.000000e+00
Time:  3.759355 seconds
Error: 0.000000e+00
