Time:  2.409989 seconds
Error: 0.000000e+00
Time:  2.317985 seconds
Error: 0.000000e+00
Time:  2.353346 seconds
Error: 0.000000e+00
