Max: 128
Time:  0.013806 seconds
Error: 0.000000e+00
Max: 128
Time:  0.014027 seconds
Error: 0.000000e+00
Max: 128
Time:  0.015383 seconds
Error: 0.000000e+00
