Max: 16
Time:  0.000287 seconds
Error: 0.000000e+00
Max: 16
Time:  0.000330 seconds
Error: 0.000000e+00
Max: 16
Time:  0.000268 seconds
Error: 0.000000e+00
