Max: 32
Time:  0.000391 seconds
Error: 0.000000e+00
Max: 32
Time:  0.000362 seconds
Error: 0.000000e+00
Max: 32
Time:  0.000447 seconds
Error: 0.000000e+00
