Max: 24
Time:  0.424888 seconds
Error: 0.000000e+00
Max: 24
Time:  0.467315 seconds
Error: 0.000000e+00
Max: 24
Time:  0.437979 seconds
Error: 0.000000e+00
