Max: 1
Time:  2.447715 seconds
Error: 0.000000e+00
Max: 1
Time:  2.428744 seconds
Error: 0.000000e+00
Max: 1
Time:  2.433247 seconds
Error: 0.000000e+00
