Max: 4
Time:  1.083497 seconds
Error: 0.000000e+00
Max: 4
Time:  1.035388 seconds
Error: 0.000000e+00
Max: 4
Time:  1.046521 seconds
Error: 0.000000e+00
