Max: 48
Time:  0.000466 seconds
Error: 0.000000e+00
Max: 48
Time:  0.000412 seconds
Error: 0.000000e+00
Max: 48
Time:  0.000432 seconds
Error: 0.000000e+00
