Max: 48
Time:  0.472264 seconds
Error: 0.000000e+00
Max: 48
Time:  0.464163 seconds
Error: 0.000000e+00
Max: 48
Time:  0.482396 seconds
Error: 0.000000e+00
