Max: 4
Time:  1.075561 seconds
Error: 0.000000e+00
Max: 4
Time:  1.041639 seconds
Error: 0.000000e+00
Max: 4
Time:  1.036723 seconds
Error: 0.000000e+00
