Max: 24
Time:  0.497339 seconds
Error: 0.000000e+00
Max: 24
Time:  0.509644 seconds
Error: 0.000000e+00
Max: 24
Time:  0.415480 seconds
Error: 0.000000e+00
