Max: 48
Time:  0.496716 seconds
Error: 0.000000e+00
Max: 48
Time:  0.467606 seconds
Error: 0.000000e+00
Max: 48
Time:  0.464420 seconds
Error: 0.000000e+00
