Max: 64
Time:  0.432262 seconds
Error: 0.000000e+00
Max: 64
Time:  0.438277 seconds
Error: 0.000000e+00
Max: 64
Time:  0.413029 seconds
Error: 0.000000e+00
