Max: 1
Time:  0.000073 seconds
Error: 0.000000e+00
Max: 1
Time:  0.000089 seconds
Error: 0.000000e+00
Max: 1
Time:  0.000052 seconds
Error: 0.000000e+00
