Max: 24
Time:  0.000325 seconds
Error: 0.000000e+00
Max: 24
Time:  0.000354 seconds
Error: 0.000000e+00
Max: 24
Time:  0.000280 seconds
Error: 0.000000e+00
