Max: 4
Time:  1.100312 seconds
Error: 0.000000e+00
Max: 4
Time:  1.024070 seconds
Error: 0.000000e+00
Max: 4
Time:  1.043996 seconds
Error: 0.000000e+00
