Max: 48
Time:  0.000505 seconds
Error: 0.000000e+00
Max: 48
Time:  0.000441 seconds
Error: 0.000000e+00
Max: 48
Time:  0.003434 seconds
Error: 0.000000e+00
