Max: 32
Time:  0.379912 seconds
Error: 0.000000e+00
Max: 32
Time:  0.394288 seconds
Error: 0.000000e+00
Max: 32
Time:  0.483241 seconds
Error: 0.000000e+00
