Max: 16
Time:  0.405218 seconds
Error: 0.000000e+00
Max: 16
Time:  0.478599 seconds
Error: 0.000000e+00
Max: 16
Time:  0.498676 seconds
Error: 0.000000e+00
