Max: 24
Time:  0.000305 seconds
Error: 0.000000e+00
Max: 24
Time:  0.000156 seconds
Error: 0.000000e+00
Max: 24
Time:  0.000398 seconds
Error: 0.000000e+00
