Max: 16
Time:  0.000234 seconds
Error: 0.000000e+00
Max: 16
Time:  0.000251 seconds
Error: 0.000000e+00
Max: 16
Time:  0.000267 seconds
Error: 0.000000e+00
