Max: 32
Time:  0.000450 seconds
Error: 0.000000e+00
Max: 32
Time:  0.000352 seconds
Error: 0.000000e+00
Max: 32
Time:  0.000357 seconds
Error: 0.000000e+00
