Max: 16
Time:  0.000207 seconds
Error: 0.000000e+00
Max: 16
Time:  0.000238 seconds
Error: 0.000000e+00
Max: 16
Time:  0.000280 seconds
Error: 0.000000e+00
