Max: 16
Time:  0.502318 seconds
Error: 0.000000e+00
Max: 16
Time:  0.449663 seconds
Error: 0.000000e+00
Max: 16
Time:  0.350447 seconds
Error: 0.000000e+00
