Max: 48
Time:  0.000504 seconds
Error: 0.000000e+00
Max: 48
Time:  0.000508 seconds
Error: 0.000000e+00
Max: 48
Time:  0.000488 seconds
Error: 0.000000e+00
