Max: 16
Time:  0.426760 seconds
Error: 0.000000e+00
Max: 16
Time:  0.458475 seconds
Error: 0.000000e+00
Max: 16
Time:  0.406244 seconds
Error: 0.000000e+00
