Max: 128
Time:  2.448409 seconds
Error: 0.000000e+00
Max: 128
Time:  2.829919 seconds
Error: 0.000000e+00
Max: 128
Time:  2.461958 seconds
Error: 0.000000e+00
