Max: 4
Time:  0.000265 seconds
Error: 0.000000e+00
Max: 4
Time:  0.000221 seconds
Error: 0.000000e+00
Max: 4
Time:  0.000274 seconds
Error: 0.000000e+00
