Max: 32
Time:  0.517462 seconds
Error: 0.000000e+00
Max: 32
Time:  0.365526 seconds
Error: 0.000000e+00
Max: 32
Time:  0.518571 seconds
Error: 0.000000e+00
