Max: 32
Time:  0.031864 seconds
Error: 0.000000e+00
Max: 32
Time:  0.000490 seconds
Error: 0.000000e+00
Max: 32
Time:  0.000308 seconds
Error: 0.000000e+00
