Max: 1
Time:  0.000040 seconds
Error: 0.000000e+00
Max: 1
Time:  0.000064 seconds
Error: 0.000000e+00
Max: 1
Time:  0.000051 seconds
Error: 0.000000e+00
