Max: 128
Time:  0.020928 seconds
Error: 0.000000e+00
Max: 128
Time:  0.018969 seconds
Error: 0.000000e+00
Max: 128
Time:  0.016899 seconds
Error: 0.000000e+00
