Max: 128
Time:  3.868098 seconds
Error: 0.000000e+00
Max: 128
Time:  3.774984 seconds
Error: 0.000000e+00
Max: 128
Time:  4.023230 seconds
Error: 0.000000e+00
