Max: 4
Time:  3.432529 seconds
Error: 0.000000e+00
Max: 4
Time:  3.767900 seconds
Error: 0.000000e+00
Max: 4
Time:  3.645391 seconds
Error: 0.000000e+00
