Max: 4
Time:  3.854503 seconds
Error: 0.000000e+00
Max: 4
Time:  3.584251 seconds
Error: 0.000000e+00
Max: 4
Time:  4.050465 seconds
Error: 0.000000e+00
