Max: 48
Time:  0.021924 seconds
Error: 0.000000e+00
Max: 48
Time:  0.000412 seconds
Error: 0.000000e+00
Max: 48
Time:  0.000373 seconds
Error: 0.000000e+00
