Max: 24
Time:  1.367158 seconds
Error: 0.000000e+00
Max: 24
Time:  1.439185 seconds
Error: 0.000000e+00
Max: 24
Time:  1.396570 seconds
Error: 0.000000e+00
