Max: 64
Time:  0.004481 seconds
Error: 0.000000e+00
Max: 64
Time:  0.013265 seconds
Error: 0.000000e+00
Max: 64
Time:  0.016761 seconds
Error: 0.000000e+00
