Max: 16
Time:  0.009557 seconds
Error: 0.000000e+00
Max: 16
Time:  0.005795 seconds
Error: 0.000000e+00
Max: 16
Time:  0.000205 seconds
Error: 0.000000e+00
