Max: 32
Time:  1.986555 seconds
Error: 0.000000e+00
Max: 32
Time:  1.746537 seconds
Error: 0.000000e+00
Max: 32
Time:  1.492389 seconds
Error: 0.000000e+00
