Max: 64
Time:  0.806096 seconds
Error: 0.000000e+00
Max: 64
Time:  0.800825 seconds
Error: 0.000000e+00
Max: 64
Time:  0.805397 seconds
Error: 0.000000e+00
