Max: 48
Time:  0.153129 seconds
Error: 0.000000e+00
Max: 48
Time:  0.170802 seconds
Error: 0.000000e+00
Max: 48
Time:  0.147300 seconds
Error: 0.000000e+00
