Max: 24
Time:  0.000651 seconds
Error: 0.000000e+00
Max: 24
Time:  0.006897 seconds
Error: 0.000000e+00
Max: 24
Time:  0.014358 seconds
Error: 0.000000e+00
