Max: 24
Time:  0.000292 seconds
Error: 0.000000e+00
Max: 24
Time:  0.005636 seconds
Error: 0.000000e+00
Max: 24
Time:  0.000273 seconds
Error: 0.000000e+00
