Max: 16
Time:  0.003787 seconds
Error: 0.000000e+00
Max: 16
Time:  0.000190 seconds
Error: 0.000000e+00
Max: 16
Time:  0.070196 seconds
Error: 0.000000e+00
