Max: 1
Time:  10.091086 seconds
Error: 0.000000e+00
Max: 1
Time:  10.728317 seconds
Error: 0.000000e+00
Max: 1
Time:  10.353796 seconds
Error: 0.000000e+00
