Max: 1
Time:  10.887178 seconds
Error: 0.000000e+00
Max: 1
Time:  10.277160 seconds
Error: 0.000000e+00
Max: 1
Time:  9.931640 seconds
Error: 0.000000e+00
