Max: 48
Time:  0.884769 seconds
Error: 0.000000e+00
Max: 48
Time:  1.091228 seconds
Error: 0.000000e+00
Max: 48
Time:  0.918153 seconds
Error: 0.000000e+00
