Max: 128
Time:  0.013300 seconds
Error: 0.000000e+00
Max: 128
Time:  0.015813 seconds
Error: 0.000000e+00
Max: 128
Time:  0.013501 seconds
Error: 0.000000e+00
