Max: 4
Time:  0.000174 seconds
Error: 0.000000e+00
Max: 4
Time:  0.000180 seconds
Error: 0.000000e+00
Max: 4
Time:  0.001810 seconds
Error: 0.000000e+00
