Max: 48
Time:  0.139221 seconds
Error: 0.000000e+00
Max: 48
Time:  0.134777 seconds
Error: 0.000000e+00
Max: 48
Time:  0.135200 seconds
Error: 0.000000e+00
