Max: 1
Time:  10.328887 seconds
Error: 0.000000e+00
Max: 1
Time:  9.993101 seconds
Error: 0.000000e+00
Max: 1
Time:  9.881859 seconds
Error: 0.000000e+00
