Max: 16
Time:  0.000189 seconds
Error: 0.000000e+00
Max: 16
Time:  0.004053 seconds
Error: 0.000000e+00
Max: 16
Time:  0.000326 seconds
Error: 0.000000e+00
