Max: 64
Time:  0.788982 seconds
Error: 0.000000e+00
Max: 64
Time:  0.781380 seconds
Error: 0.000000e+00
Max: 64
Time:  0.843495 seconds
Error: 0.000000e+00
