Max: 24
Time:  1.425633 seconds
Error: 0.000000e+00
Max: 24
Time:  1.395701 seconds
Error: 0.000000e+00
Max: 24
Time:  1.364530 seconds
Error: 0.000000e+00
