Max: 16
Time:  1.577954 seconds
Error: 0.000000e+00
Max: 16
Time:  1.375267 seconds
Error: 0.000000e+00
Max: 16
Time:  1.334736 seconds
Error: 0.000000e+00
