Time:  2.047143 seconds
Error: 0.000000e+00
Time:  2.046688 seconds
Error: 0.000000e+00
Time:  2.020192 seconds
Error: 0.000000e+00
