Time:  0.000120 seconds
Error: 0.000000e+00
Time:  0.000652 seconds
Error: 0.000000e+00
Time:  0.008368 seconds
Error: 0.000000e+00
