Time:  0.009134 seconds
Error: 0.000000e+00
Time:  0.000037 seconds
Error: 0.000000e+00
Time:  0.000042 seconds
Error: 0.000000e+00
