Time:  2.081171 seconds
Error: 0.000000e+00
Time:  2.250866 seconds
Error: 0.000000e+00
Time:  2.234575 seconds
Error: 0.000000e+00
