Time:  2.496314 seconds
Error: 0.000000e+00
Time:  2.474119 seconds
Error: 0.000000e+00
Time:  2.511446 seconds
Error: 0.000000e+00
