Time:  0.000411 seconds
Error: 0.000000e+00
Time:  0.000318 seconds
Error: 0.000000e+00
Time:  0.000449 seconds
Error: 0.000000e+00
