Time:  0.000230 seconds
Error: 0.000000e+00
Time:  0.000259 seconds
Error: 0.000000e+00
Time:  0.000236 seconds
Error: 0.000000e+00
