Time:  0.000038 seconds
Error: 0.000000e+00
Time:  0.000029 seconds
Error: 0.000000e+00
Time:  0.000066 seconds
Error: 0.000000e+00
