Time:  1.802912 seconds
Error: 0.000000e+00
Time:  1.764897 seconds
Error: 0.000000e+00
Time:  1.739737 seconds
Error: 0.000000e+00
