Time:  3.406050 seconds
Error: 0.000000e+00
Time:  3.250587 seconds
Error: 0.000000e+00
Time:  3.359491 seconds
Error: 0.000000e+00
