Time:  2.111014 seconds
Error: 0.000000e+00
Time:  2.180313 seconds
Error: 0.000000e+00
Time:  2.057612 seconds
Error: 0.000000e+00
