Time:  0.000488 seconds
Error: 0.000000e+00
Time:  0.000147 seconds
Error: 0.000000e+00
Time:  0.000438 seconds
Error: 0.000000e+00
