Time:  0.000518 seconds
Error: 0.000000e+00
Time:  0.013245 seconds
Error: 0.000000e+00
Time:  0.000069 seconds
Error: 0.000000e+00
