Time:  1.838071 seconds
Error: 0.000000e+00
Time:  1.622770 seconds
Error: 0.000000e+00
Time:  1.765102 seconds
Error: 0.000000e+00
