Time:  0.000034 seconds
Error: 0.000000e+00
Time:  0.000035 seconds
Error: 0.000000e+00
Time:  0.000036 seconds
Error: 0.000000e+00
