Time:  0.000557 seconds
Error: 0.000000e+00
Time:  0.000105 seconds
Error: 0.000000e+00
Time:  0.000044 seconds
Error: 0.000000e+00
