Time:  0.000048 seconds
Error: 0.000000e+00
Time:  0.000055 seconds
Error: 0.000000e+00
Time:  0.000046 seconds
Error: 0.000000e+00
