Time:  1.923169 seconds
Error: 0.000000e+00
Time:  1.885787 seconds
Error: 0.000000e+00
Time:  1.649901 seconds
Error: 0.000000e+00
