Max: 4
Time:  1.456321 seconds
Error: 0.000000e+00
Max: 4
Time:  1.530374 seconds
Error: 0.000000e+00
Max: 4
Time:  1.668831 seconds
Error: 0.000000e+00
