Max: 4
Time:  0.000198 seconds
Error: 0.000000e+00
Max: 4
Time:  0.000202 seconds
Error: 0.000000e+00
Max: 4
Time:  0.000189 seconds
Error: 0.000000e+00
