Max: 16
Time:  0.000315 seconds
Error: 0.000000e+00
Max: 16
Time:  0.000390 seconds
Error: 0.000000e+00
Max: 16
Time:  0.000256 seconds
Error: 0.000000e+00
