Max: 24
Time:  0.570571 seconds
Error: 0.000000e+00
Max: 24
Time:  0.614372 seconds
Error: 0.000000e+00
Max: 24
Time:  0.571741 seconds
Error: 0.000000e+00
