Max: 128
Time:  0.013945 seconds
Error: 0.000000e+00
Max: 128
Time:  0.012695 seconds
Error: 0.000000e+00
Max: 128
Time:  0.013835 seconds
Error: 0.000000e+00
