Max: 128
Time:  0.023279 seconds
Error: 0.000000e+00
Max: 128
Time:  0.019542 seconds
Error: 0.000000e+00
Max: 128
Time:  0.018900 seconds
Error: 0.000000e+00
