Max: 32
Time:  0.000446 seconds
Error: 0.000000e+00
Max: 32
Time:  0.000423 seconds
Error: 0.000000e+00
Max: 32
Time:  0.000446 seconds
Error: 0.000000e+00
