Max: 64
Time:  0.521665 seconds
Error: 0.000000e+00
Max: 64
Time:  0.479675 seconds
Error: 0.000000e+00
Max: 64
Time:  0.472871 seconds
Error: 0.000000e+00
