Max: 4
Time:  0.000213 seconds
Error: 0.000000e+00
Max: 4
Time:  0.000209 seconds
Error: 0.000000e+00
Max: 4
Time:  0.000235 seconds
Error: 0.000000e+00
