Max: 64
Time:  0.000522 seconds
Error: 0.000000e+00
Max: 64
Time:  0.000491 seconds
Error: 0.000000e+00
Max: 64
Time:  0.000508 seconds
Error: 0.000000e+00
