Max: 64
Time:  0.529890 seconds
Error: 0.000000e+00
Max: 64
Time:  0.486551 seconds
Error: 0.000000e+00
Max: 64
Time:  0.538803 seconds
Error: 0.000000e+00
