Max: 64
Time:  0.000563 seconds
Error: 0.000000e+00
Max: 64
Time:  0.000552 seconds
Error: 0.000000e+00
Max: 64
Time:  0.000565 seconds
Error: 0.000000e+00
