Max: 24
Time:  0.604829 seconds
Error: 0.000000e+00
Max: 24
Time:  0.606163 seconds
Error: 0.000000e+00
Max: 24
Time:  0.608118 seconds
Error: 0.000000e+00
