Max: 48
Time:  0.498951 seconds
Error: 0.000000e+00
Max: 48
Time:  0.546083 seconds
Error: 0.000000e+00
Max: 48
Time:  0.531723 seconds
Error: 0.000000e+00
