Max: 48
Time:  0.516515 seconds
Error: 0.000000e+00
Max: 48
Time:  0.588455 seconds
Error: 0.000000e+00
Max: 48
Time:  0.544102 seconds
Error: 0.000000e+00
