Max: 1
Time:  0.000056 seconds
Error: 0.000000e+00
Max: 1
Time:  0.000069 seconds
Error: 0.000000e+00
Max: 1
Time:  0.000072 seconds
Error: 0.000000e+00
