Max: 16
Time:  0.000241 seconds
Error: 0.000000e+00
Max: 16
Time:  0.000281 seconds
Error: 0.000000e+00
Max: 16
Time:  0.000288 seconds
Error: 0.000000e+00
