Max: 24
Time:  0.000370 seconds
Error: 0.000000e+00
Max: 24
Time:  0.000303 seconds
Error: 0.000000e+00
Max: 24
Time:  0.000310 seconds
Error: 0.000000e+00
