Max: 128
Time:  2.952283 seconds
Error: 0.000000e+00
Max: 128
Time:  2.784600 seconds
Error: 0.000000e+00
Max: 128
Time:  2.872624 seconds
Error: 0.000000e+00
