Max: 1
Time:  3.885577 seconds
Error: 0.000000e+00
Max: 1
Time:  3.851810 seconds
Error: 0.000000e+00
Max: 1
Time:  3.825520 seconds
Error: 0.000000e+00
