Max: 4
Time:  0.000180 seconds
Error: 0.000000e+00
Max: 4
Time:  0.000214 seconds
Error: 0.000000e+00
Max: 4
Time:  0.000185 seconds
Error: 0.000000e+00
