Max: 1
Time:  3.837262 seconds
Error: 0.000000e+00
Max: 1
Time:  3.858670 seconds
Error: 0.000000e+00
Max: 1
Time:  3.862427 seconds
Error: 0.000000e+00
