Max: 24
Time:  0.000306 seconds
Error: 0.000000e+00
Max: 24
Time:  0.000305 seconds
Error: 0.000000e+00
Max: 24
Time:  0.000277 seconds
Error: 0.000000e+00
