Max: 24
Time:  0.000311 seconds
Error: 0.000000e+00
Max: 24
Time:  0.000284 seconds
Error: 0.000000e+00
Max: 24
Time:  0.000294 seconds
Error: 0.000000e+00
