Max: 128
Time:  2.872394 seconds
Error: 0.000000e+00
Max: 128
Time:  2.954248 seconds
Error: 0.000000e+00
Max: 128
Time:  2.937435 seconds
Error: 0.000000e+00
