Max: 4
Time:  0.000553 seconds
Error: 0.000000e+00
Max: 4
Time:  0.000238 seconds
Error: 0.000000e+00
Max: 4
Time:  0.000160 seconds
Error: 0.000000e+00
