Max: 1
Time:  23.709756 seconds
Error: 0.000000e+00
Max: 1
Time:  23.713050 seconds
Error: 0.000000e+00
Max: 1
Time:  23.698280 seconds
Error: 0.000000e+00
