Max: 48
Time:  0.022020 seconds
Error: 0.000000e+00
Max: 48
Time:  0.016604 seconds
Error: 0.000000e+00
Max: 48
Time:  0.103179 seconds
Error: 0.000000e+00
