Max: 32
Time:  2.759927 seconds
Error: 0.000000e+00
Max: 32
Time:  2.741771 seconds
Error: 0.000000e+00
Max: 32
Time:  3.007676 seconds
Error: 0.000000e+00
