Max: 4
Time:  6.185210 seconds
Error: 0.000000e+00
Max: 4
Time:  6.139662 seconds
Error: 0.000000e+00
Max: 4
Time:  6.145361 seconds
Error: 0.000000e+00
