Max: 1
Time:  23.706380 seconds
Error: 0.000000e+00
Max: 1
Time:  23.710428 seconds
Error: 0.000000e+00
Max: 1
Time:  23.700999 seconds
Error: 0.000000e+00
