Max: 64
Time:  2.483687 seconds
Error: 0.000000e+00
Max: 64
Time:  2.317814 seconds
Error: 0.000000e+00
Max: 64
Time:  2.335382 seconds
Error: 0.000000e+00
