Max: 64
Time:  2.058215 seconds
Error: 0.000000e+00
Max: 64
Time:  2.163617 seconds
Error: 0.000000e+00
Max: 64
Time:  2.340943 seconds
Error: 0.000000e+00
