Max: 16
Time:  0.001570 seconds
Error: 0.000000e+00
Max: 16
Time:  0.000338 seconds
Error: 0.000000e+00
Max: 16
Time:  0.000183 seconds
Error: 0.000000e+00
