Max: 4
Time:  0.000231 seconds
Error: 0.000000e+00
Max: 4
Time:  0.000266 seconds
Error: 0.000000e+00
Max: 4
Time:  0.000440 seconds
Error: 0.000000e+00
