Max: 32
Time:  0.089870 seconds
Error: 0.000000e+00
Max: 32
Time:  0.045254 seconds
Error: 0.000000e+00
Max: 32
Time:  0.007163 seconds
Error: 0.000000e+00
