Max: 32
Time:  0.029997 seconds
Error: 0.000000e+00
Max: 32
Time:  0.069943 seconds
Error: 0.000000e+00
Max: 32
Time:  0.020785 seconds
Error: 0.000000e+00
