Max: 64
Time:  0.097550 seconds
Error: 0.000000e+00
Max: 64
Time:  0.099638 seconds
Error: 0.000000e+00
Max: 64
Time:  0.097947 seconds
Error: 0.000000e+00
