Max: 48
Time:  2.479298 seconds
Error: 0.000000e+00
Max: 48
Time:  2.429321 seconds
Error: 0.000000e+00
Max: 48
Time:  2.335272 seconds
Error: 0.000000e+00
