Max: 64
Time:  2.223529 seconds
Error: 0.000000e+00
Max: 64
Time:  2.637015 seconds
Error: 0.000000e+00
Max: 64
Time:  2.412940 seconds
Error: 0.000000e+00
