Max: 64
Time:  0.096267 seconds
Error: 0.000000e+00
Max: 64
Time:  0.090679 seconds
Error: 0.000000e+00
Max: 64
Time:  0.101494 seconds
Error: 0.000000e+00
