Max: 4
Time:  0.000292 seconds
Error: 0.000000e+00
Max: 4
Time:  0.000194 seconds
Error: 0.000000e+00
Max: 4
Time:  0.000202 seconds
Error: 0.000000e+00
