Max: 4
Time:  6.222851 seconds
Error: 0.000000e+00
Max: 4
Time:  6.119303 seconds
Error: 0.000000e+00
Max: 4
Time:  6.141551 seconds
Error: 0.000000e+00
