Max: 1
Time:  0.000208 seconds
Error: 0.000000e+00
Max: 1
Time:  0.000205 seconds
Error: 0.000000e+00
Max: 1
Time:  0.000201 seconds
Error: 0.000000e+00
