Max: 48
Time:  2.847099 seconds
Error: 0.000000e+00
Max: 48
Time:  2.519607 seconds
Error: 0.000000e+00
Max: 48
Time:  2.620109 seconds
Error: 0.000000e+00
