Max: 16
Time:  0.001112 seconds
Error: 0.000000e+00
Max: 16
Time:  0.000188 seconds
Error: 0.000000e+00
Max: 16
Time:  0.000224 seconds
Error: 0.000000e+00
