Max: 128
Time:  7.373926 seconds
Error: 0.000000e+00
Max: 128
Time:  4.096757 seconds
Error: 0.000000e+00
Max: 128
Time:  5.338509 seconds
Error: 0.000000e+00
