Max: 16
Time:  0.000657 seconds
Error: 0.000000e+00
Max: 16
Time:  0.000411 seconds
Error: 0.000000e+00
Max: 16
Time:  0.000349 seconds
Error: 0.000000e+00
