Max: 24
Time:  2.963544 seconds
Error: 0.000000e+00
Max: 24
Time:  2.959167 seconds
Error: 0.000000e+00
Max: 24
Time:  3.538948 seconds
Error: 0.000000e+00
