Max: 128
Time:  0.172465 seconds
Error: 0.000000e+00
Max: 128
Time:  0.171392 seconds
Error: 0.000000e+00
Max: 128
Time:  0.147685 seconds
Error: 0.000000e+00
