Max: 64
Time:  0.027062 seconds
Error: 0.000000e+00
Max: 64
Time:  0.000590 seconds
Error: 0.000000e+00
Max: 64
Time:  0.036534 seconds
Error: 0.000000e+00
