Max: 32
Time:  0.325329 seconds
Error: 0.000000e+00
Max: 32
Time:  0.331486 seconds
Error: 0.000000e+00
Max: 32
Time:  0.482690 seconds
Error: 0.000000e+00
