Max: 1
Time:  1.952436 seconds
Error: 0.000000e+00
Max: 1
Time:  1.973610 seconds
Error: 0.000000e+00
Max: 1
Time:  2.010356 seconds
Error: 0.000000e+00
