Max: 4
Time:  0.000262 seconds
Error: 0.000000e+00
Max: 4
Time:  0.000176 seconds
Error: 0.000000e+00
Max: 4
Time:  0.000220 seconds
Error: 0.000000e+00
