Max: 48
Time:  0.453160 seconds
Error: 0.000000e+00
Max: 48
Time:  0.422106 seconds
Error: 0.000000e+00
Max: 48
Time:  0.461208 seconds
Error: 0.000000e+00
