Max: 48
Time:  0.424866 seconds
Error: 0.000000e+00
Max: 48
Time:  0.448733 seconds
Error: 0.000000e+00
Max: 48
Time:  0.450531 seconds
Error: 0.000000e+00
