Max: 4
Time:  0.000207 seconds
Error: 0.000000e+00
Max: 4
Time:  0.000178 seconds
Error: 0.000000e+00
Max: 4
Time:  0.000215 seconds
Error: 0.000000e+00
