Max: 4
Time:  0.856927 seconds
Error: 0.000000e+00
Max: 4
Time:  0.847766 seconds
Error: 0.000000e+00
Max: 4
Time:  0.783742 seconds
Error: 0.000000e+00
