Max: 4
Time:  0.879589 seconds
Error: 0.000000e+00
Max: 4
Time:  0.909180 seconds
Error: 0.000000e+00
Max: 4
Time:  0.839610 seconds
Error: 0.000000e+00
