Max: 4
Time:  0.000199 seconds
Error: 0.000000e+00
Max: 4
Time:  0.000165 seconds
Error: 0.000000e+00
Max: 4
Time:  0.000151 seconds
Error: 0.000000e+00
