Max: 16
Time:  0.307576 seconds
Error: 0.000000e+00
Max: 16
Time:  0.289978 seconds
Error: 0.000000e+00
Max: 16
Time:  0.490641 seconds
Error: 0.000000e+00
