Max: 128
Time:  0.020477 seconds
Error: 0.000000e+00
Max: 128
Time:  0.020474 seconds
Error: 0.000000e+00
Max: 128
Time:  0.020211 seconds
Error: 0.000000e+00
