Max: 24
Time:  0.432087 seconds
Error: 0.000000e+00
Max: 24
Time:  0.396808 seconds
Error: 0.000000e+00
Max: 24
Time:  0.400827 seconds
Error: 0.000000e+00
