Max: 64
Time:  0.000556 seconds
Error: 0.000000e+00
Max: 64
Time:  0.000571 seconds
Error: 0.000000e+00
Max: 64
Time:  0.000581 seconds
Error: 0.000000e+00
