Max: 16
Time:  0.000332 seconds
Error: 0.000000e+00
Max: 16
Time:  0.000338 seconds
Error: 0.000000e+00
Max: 16
Time:  0.000236 seconds
Error: 0.000000e+00
