Max: 64
Time:  0.507933 seconds
Error: 0.000000e+00
Max: 64
Time:  0.403836 seconds
Error: 0.000000e+00
Max: 64
Time:  0.398530 seconds
Error: 0.000000e+00
