Max: 24
Time:  0.308696 seconds
Error: 0.000000e+00
Max: 24
Time:  0.468436 seconds
Error: 0.000000e+00
Max: 24
Time:  0.377243 seconds
Error: 0.000000e+00
