Max: 128
Time:  2.389288 seconds
Error: 0.000000e+00
Max: 128
Time:  2.620531 seconds
Error: 0.000000e+00
Max: 128
Time:  2.380730 seconds
Error: 0.000000e+00
