Max: 128
Time:  0.013379 seconds
Error: 0.000000e+00
Max: 128
Time:  0.013776 seconds
Error: 0.000000e+00
Max: 128
Time:  0.012552 seconds
Error: 0.000000e+00
