Max: 128
Time:  2.561831 seconds
Error: 0.000000e+00
Max: 128
Time:  2.811880 seconds
Error: 0.000000e+00
Max: 128
Time:  2.389711 seconds
Error: 0.000000e+00
