Max: 1
Time:  1.956098 seconds
Error: 0.000000e+00
Max: 1
Time:  2.009167 seconds
Error: 0.000000e+00
Max: 1
Time:  2.017020 seconds
Error: 0.000000e+00
