Time:  9.450796 seconds
Error: 0.000000e+00
Time:  10.102336 seconds
Error: 0.000000e+00
Time:  9.654791 seconds
Error: 0.000000e+00
