Time:  0.000060 seconds
Error: 0.000000e+00
Time:  0.000095 seconds
Error: 0.000000e+00
Time:  0.000050 seconds
Error: 0.000000e+00
