Time:  1.831746 seconds
Error: 0.000000e+00
Time:  1.936365 seconds
Error: 0.000000e+00
Time:  1.831205 seconds
Error: 0.000000e+00
