Time:  4.038637 seconds
Error: 0.000000e+00
Time:  4.058684 seconds
Error: 0.000000e+00
Time:  4.038108 seconds
Error: 0.000000e+00
