Time:  0.000037 seconds
Error: 0.000000e+00
Time:  0.024230 seconds
Error: 0.000000e+00
Time:  0.000066 seconds
Error: 0.000000e+00
