Time:  0.000299 seconds
Error: 0.000000e+00
Time:  0.000243 seconds
Error: 0.000000e+00
Time:  0.000247 seconds
Error: 0.000000e+00
