Time:  2.523435 seconds
Error: 0.000000e+00
Time:  2.472111 seconds
Error: 0.000000e+00
