Time:  2.360630 seconds
Error: 0.000000e+00
Time:  2.241819 seconds
Error: 0.000000e+00
Time:  2.067047 seconds
Error: 0.000000e+00
