Time:  0.008366 seconds
Error: 0.000000e+00
Time:  0.011246 seconds
Error: 0.000000e+00
Time:  0.001055 seconds
Error: 0.000000e+00
