Time:  9.972770 seconds
Error: 0.000000e+00
Time:  10.009308 seconds
Error: 0.000000e+00
Time:  10.027863 seconds
Error: 0.000000e+00
