Time:  0.000036 seconds
Error: 0.000000e+00
Time:  0.000040 seconds
Error: 0.000000e+00
Time:  0.000265 seconds
Error: 0.000000e+00
