Time:  0.000776 seconds
Error: 0.000000e+00
Time:  0.008017 seconds
Error: 0.000000e+00
Time:  0.000513 seconds
Error: 0.000000e+00
