Time:  0.000371 seconds
Error: 0.000000e+00
Time:  0.008387 seconds
Error: 0.000000e+00
Time:  0.004586 seconds
Error: 0.000000e+00
