Time:  3.915164 seconds
Error: 0.000000e+00
Time:  4.278676 seconds
Error: 0.000000e+00
Time:  4.182686 seconds
Error: 0.000000e+00
