Time:  0.000557 seconds
Error: 0.000000e+00
Time:  0.002743 seconds
Error: 0.000000e+00
Time:  0.000516 seconds
Error: 0.000000e+00
