Time:  0.000030 seconds
Error: 0.000000e+00
Time:  0.000244 seconds
Error: 0.000000e+00
Time:  0.000190 seconds
Error: 0.000000e+00
