Time:  9.970637 seconds
Error: 0.000000e+00
Time:  9.983409 seconds
Error: 0.000000e+00
Time:  9.966882 seconds
Error: 0.000000e+00
