Time:  0.005851 seconds
Error: 0.000000e+00
Time:  0.000040 seconds
Error: 0.000000e+00
Time:  0.000249 seconds
Error: 0.000000e+00
