Time:  2.460692 seconds
Error: 0.000000e+00
Time:  2.194283 seconds
Error: 0.000000e+00
Time:  2.082515 seconds
Error: 0.000000e+00
