Time:  0.000052 seconds
Error: 0.000000e+00
Time:  0.000071 seconds
Error: 0.000000e+00
Time:  0.000071 seconds
Error: 0.000000e+00
