Time:  2.496180 seconds
Error: 0.000000e+00
Time:  2.384636 seconds
Error: 0.000000e+00
Time:  2.462112 seconds
Error: 0.000000e+00
