Time:  0.000407 seconds
Error: 0.000000e+00
Time:  0.000487 seconds
Error: 0.000000e+00
Time:  0.000057 seconds
Error: 0.000000e+00
