Time:  3.886619 seconds
Error: 0.000000e+00
Time:  3.873405 seconds
Error: 0.000000e+00
Time:  3.899719 seconds
Error: 0.000000e+00
