Time:  0.000004 seconds
Error: 0.000000e+00
Time:  0.000004 seconds
Error: 0.000000e+00
Time:  0.000003 seconds
Error: 0.000000e+00
