Max: 24
Time:  0.308668 seconds
Error: 0.000000e+00
Max: 24
Time:  0.402259 seconds
Error: 0.000000e+00
Max: 24
Time:  0.364527 seconds
Error: 0.000000e+00
