Max: 1
Time:  0.000054 seconds
Error: 0.000000e+00
Max: 1
Time:  0.000062 seconds
Error: 0.000000e+00
Max: 1
Time:  0.000042 seconds
Error: 0.000000e+00
