Max: 64
Time:  0.000520 seconds
Error: 0.000000e+00
Max: 64
Time:  0.055134 seconds
Error: 0.000000e+00
Max: 64
Time:  0.152298 seconds
Error: 0.000000e+00
