Max: 24
Time:  0.000381 seconds
Error: 0.000000e+00
Max: 24
Time:  0.000368 seconds
Error: 0.000000e+00
Max: 24
Time:  0.000389 seconds
Error: 0.000000e+00
