Max: 32
Time:  0.000383 seconds
Error: 0.000000e+00
Max: 32
Time:  0.000430 seconds
Error: 0.000000e+00
Max: 32
Time:  0.000372 seconds
Error: 0.000000e+00
