Max: 32
Time:  0.367208 seconds
Error: 0.000000e+00
Max: 32
Time:  0.422337 seconds
Error: 0.000000e+00
Max: 32
Time:  0.490077 seconds
Error: 0.000000e+00
