Max: 48
Time:  0.001738 seconds
Error: 0.000000e+00
Max: 48
Time:  0.000399 seconds
Error: 0.000000e+00
Max: 48
Time:  0.000443 seconds
Error: 0.000000e+00
