Max: 24
Time:  0.000207 seconds
Error: 0.000000e+00
Max: 24
Time:  0.000340 seconds
Error: 0.000000e+00
Max: 24
Time:  0.000365 seconds
Error: 0.000000e+00
