Max: 48
Time:  0.000538 seconds
Error: 0.000000e+00
Max: 48
Time:  0.000548 seconds
Error: 0.000000e+00
Max: 48
Time:  0.000544 seconds
Error: 0.000000e+00
