Max: 32
Time:  0.332911 seconds
Error: 0.000000e+00
Max: 32
Time:  0.317904 seconds
Error: 0.000000e+00
Max: 32
Time:  0.491114 seconds
Error: 0.000000e+00
