Max: 16
Time:  0.450970 seconds
Error: 0.000000e+00
Max: 16
Time:  0.476264 seconds
Error: 0.000000e+00
Max: 16
Time:  0.356063 seconds
Error: 0.000000e+00
