Max: 128
Time:  0.022216 seconds
Error: 0.000000e+00
Max: 128
Time:  0.021450 seconds
Error: 0.000000e+00
Max: 128
Time:  0.019061 seconds
Error: 0.000000e+00
