Max: 16
Time:  0.000334 seconds
Error: 0.000000e+00
Max: 16
Time:  0.000265 seconds
Error: 0.000000e+00
Max: 16
Time:  0.000250 seconds
Error: 0.000000e+00
