Max: 32
Time:  0.000376 seconds
Error: 0.000000e+00
Max: 32
Time:  0.000482 seconds
Error: 0.000000e+00
Max: 32
Time:  0.000396 seconds
Error: 0.000000e+00
