Max: 16
Time:  0.000279 seconds
Error: 0.000000e+00
Max: 16
Time:  0.000258 seconds
Error: 0.000000e+00
Max: 16
Time:  0.000273 seconds
Error: 0.000000e+00
