Max: 1
Time:  0.000092 seconds
Error: 0.000000e+00
Max: 1
Time:  0.000077 seconds
Error: 0.000000e+00
Max: 1
Time:  0.000042 seconds
Error: 0.000000e+00
