Max: 128
Time:  2.652563 seconds
Error: 0.000000e+00
Max: 128
Time:  2.397829 seconds
Error: 0.000000e+00
Max: 128
Time:  2.385710 seconds
Error: 0.000000e+00
