Max: 24
Time:  0.000363 seconds
Error: 0.000000e+00
Max: 24
Time:  0.000283 seconds
Error: 0.000000e+00
Max: 24
Time:  0.000288 seconds
Error: 0.000000e+00
