Max: 48
Time:  0.433708 seconds
Error: 0.000000e+00
Max: 48
Time:  0.419457 seconds
Error: 0.000000e+00
Max: 48
Time:  0.451484 seconds
Error: 0.000000e+00
