Max: 64
Time:  0.436387 seconds
Error: 0.000000e+00
Max: 64
Time:  0.408586 seconds
Error: 0.000000e+00
Max: 64
Time:  0.424840 seconds
Error: 0.000000e+00
