Max: 48
Time:  0.000442 seconds
Error: 0.000000e+00
Max: 48
Time:  0.000504 seconds
Error: 0.000000e+00
Max: 48
Time:  0.000447 seconds
Error: 0.000000e+00
