Max: 1
Time:  2.018602 seconds
Error: 0.000000e+00
Max: 1
Time:  2.010986 seconds
Error: 0.000000e+00
Max: 1
Time:  2.025111 seconds
Error: 0.000000e+00
