Max: 16
Time:  0.468600 seconds
Error: 0.000000e+00
Max: 16
Time:  0.458130 seconds
Error: 0.000000e+00
Max: 16
Time:  0.324787 seconds
Error: 0.000000e+00
