Max: 64
Time:  0.437180 seconds
Error: 0.000000e+00
Max: 64
Time:  0.442624 seconds
Error: 0.000000e+00
Max: 64
Time:  0.420856 seconds
Error: 0.000000e+00
