Max: 4
Time:  0.774717 seconds
Error: 0.000000e+00
Max: 4
Time:  0.842828 seconds
Error: 0.000000e+00
Max: 4
Time:  0.880333 seconds
Error: 0.000000e+00
