Max: 32
Time:  0.000404 seconds
Error: 0.000000e+00
Max: 32
Time:  0.000319 seconds
Error: 0.000000e+00
Max: 32
Time:  0.000406 seconds
Error: 0.000000e+00
