Time:  0.000064 seconds
Error: 0.000000e+00
Time:  0.000078 seconds
Error: 0.000000e+00
Time:  0.000059 seconds
Error: 0.000000e+00
