Time:  1.835627 seconds
Error: 0.000000e+00
Time:  1.872124 seconds
Error: 0.000000e+00
Time:  1.856301 seconds
Error: 0.000000e+00
