Time:  0.000043 seconds
Error: 0.000000e+00
Time:  0.000043 seconds
Error: 0.000000e+00
Time:  0.000041 seconds
Error: 0.000000e+00
