Time:  0.000035 seconds
Error: 0.000000e+00
Time:  0.001004 seconds
Error: 0.000000e+00
Time:  0.008216 seconds
Error: 0.000000e+00
