Time:  1.620905 seconds
Error: 0.000000e+00
Time:  1.632239 seconds
Error: 0.000000e+00
Time:  1.651213 seconds
Error: 0.000000e+00
