Time:  3.655199 seconds
Error: 0.000000e+00
