Time:  0.000234 seconds
Error: 0.000000e+00
Time:  0.000241 seconds
Error: 0.000000e+00
Time:  0.000305 seconds
Error: 0.000000e+00
