Time:  0.048463 seconds
Error: 0.000000e+00
Time:  0.000077 seconds
Error: 0.000000e+00
Time:  0.000428 seconds
Error: 0.000000e+00
