Max: 24
Time:  0.000342 seconds
Error: 0.000000e+00
Max: 24
Time:  0.000248 seconds
Error: 0.000000e+00
Max: 24
Time:  0.000349 seconds
Error: 0.000000e+00
