Max: 1
Time:  0.000091 seconds
Error: 0.000000e+00
Max: 1
Time:  0.000065 seconds
Error: 0.000000e+00
Max: 1
Time:  0.000062 seconds
Error: 0.000000e+00
