Max: 128
Time:  0.020003 seconds
Error: 0.000000e+00
Max: 128
Time:  0.021536 seconds
Error: 0.000000e+00
Max: 128
Time:  0.021244 seconds
Error: 0.000000e+00
