Max: 1
Time:  2.397263 seconds
Error: 0.000000e+00
Max: 1
Time:  2.412346 seconds
Error: 0.000000e+00
Max: 1
Time:  2.413234 seconds
Error: 0.000000e+00
