Max: 64
Time:  0.046504 seconds
Error: 0.000000e+00
Max: 64
Time:  0.021767 seconds
Error: 0.000000e+00
Max: 64
Time:  0.042421 seconds
Error: 0.000000e+00
