Max: 32
Time:  0.419366 seconds
Error: 0.000000e+00
Max: 32
Time:  0.373758 seconds
Error: 0.000000e+00
Max: 32
Time:  0.370617 seconds
Error: 0.000000e+00
