Max: 128
Time:  2.504462 seconds
Error: 0.000000e+00
Max: 128
Time:  2.474852 seconds
Error: 0.000000e+00
Max: 128
Time:  2.713210 seconds
Error: 0.000000e+00
