Max: 64
Time:  0.021052 seconds
Error: 0.000000e+00
Max: 64
Time:  0.007075 seconds
Error: 0.000000e+00
Max: 64
Time:  0.000529 seconds
Error: 0.000000e+00
