Max: 1
Time:  0.000077 seconds
Error: 0.000000e+00
Max: 1
Time:  0.000053 seconds
Error: 0.000000e+00
Max: 1
Time:  0.000045 seconds
Error: 0.000000e+00
