Max: 32
Time:  0.000379 seconds
Error: 0.000000e+00
Max: 32
Time:  0.000299 seconds
Error: 0.000000e+00
Max: 32
Time:  0.000432 seconds
Error: 0.000000e+00
