Max: 24
Time:  0.409568 seconds
Error: 0.000000e+00
Max: 24
Time:  0.391837 seconds
Error: 0.000000e+00
Max: 24
Time:  0.465675 seconds
Error: 0.000000e+00
