Max: 1
Time:  2.355827 seconds
Error: 0.000000e+00
Max: 1
Time:  2.395211 seconds
Error: 0.000000e+00
Max: 1
Time:  2.412193 seconds
Error: 0.000000e+00
