Max: 4
Time:  0.000211 seconds
Error: 0.000000e+00
Max: 4
Time:  0.000184 seconds
Error: 0.000000e+00
Max: 4
Time:  0.000252 seconds
Error: 0.000000e+00
