Max: 64
Time:  0.488247 seconds
Error: 0.000000e+00
Max: 64
Time:  0.561675 seconds
Error: 0.000000e+00
Max: 64
Time:  0.415020 seconds
Error: 0.000000e+00
