Max: 128
Time:  2.425987 seconds
Error: 0.000000e+00
Max: 128
Time:  2.578420 seconds
Error: 0.000000e+00
Max: 128
Time:  2.727104 seconds
Error: 0.000000e+00
