Max: 48
Time:  0.456955 seconds
Error: 0.000000e+00
Max: 48
Time:  0.450799 seconds
Error: 0.000000e+00
Max: 48
Time:  0.556278 seconds
Error: 0.000000e+00
