Max: 128
Time:  0.021616 seconds
Error: 0.000000e+00
Max: 128
Time:  0.021435 seconds
Error: 0.000000e+00
Max: 128
Time:  0.020686 seconds
Error: 0.000000e+00
