Max: 64
Time:  0.471809 seconds
Error: 0.000000e+00
Max: 64
Time:  0.419090 seconds
Error: 0.000000e+00
Max: 64
Time:  0.436211 seconds
Error: 0.000000e+00
