Max: 64
Time:  0.060059 seconds
Error: 0.000000e+00
Max: 64
Time:  0.052134 seconds
Error: 0.000000e+00
Max: 64
Time:  0.029861 seconds
Error: 0.000000e+00
