Max: 4
Time:  0.000339 seconds
Error: 0.000000e+00
Max: 4
Time:  0.000217 seconds
Error: 0.000000e+00
Max: 4
Time:  0.000160 seconds
Error: 0.000000e+00
