Time:  0.000199 seconds
Error: 0.000000e+00
Time:  0.000254 seconds
Error: 0.000000e+00
Time:  0.000262 seconds
Error: 0.000000e+00
