Time:  2.128462 seconds
Error: 0.000000e+00
Time:  2.105964 seconds
Error: 0.000000e+00
Time:  2.331035 seconds
Error: 0.000000e+00
