Time:  0.000099 seconds
Error: 0.000000e+00
Time:  0.003165 seconds
Error: 0.000000e+00
Time:  0.000040 seconds
Error: 0.000000e+00
