Time:  1.692018 seconds
Error: 0.000000e+00
Time:  1.690391 seconds
Error: 0.000000e+00
Time:  1.756945 seconds
Error: 0.000000e+00
