Time:  0.008619 seconds
Error: 0.000000e+00
Time:  0.000186 seconds
Error: 0.000000e+00
Time:  0.000686 seconds
Error: 0.000000e+00
