Time:  1.943723 seconds
Error: 0.000000e+00
Time:  1.831838 seconds
Error: 0.000000e+00
Time:  2.044115 seconds
Error: 0.000000e+00
