Time:  1.844981 seconds
Error: 0.000000e+00
Time:  1.768470 seconds
Error: 0.000000e+00
Time:  1.948866 seconds
Error: 0.000000e+00
