Time:  0.000042 seconds
Error: 0.000000e+00
Time:  0.000487 seconds
Error: 0.000000e+00
Time:  0.008685 seconds
Error: 0.000000e+00
