Max: 128
Time:  0.014151 seconds
Error: 0.000000e+00
Max: 128
Time:  0.014656 seconds
Error: 0.000000e+00
Max: 128
Time:  0.013535 seconds
Error: 0.000000e+00
