Max: 4
Time:  3.387125 seconds
Error: 0.000000e+00
Max: 4
Time:  3.797451 seconds
Error: 0.000000e+00
Max: 4
Time:  2.973366 seconds
Error: 0.000000e+00
