Max: 64
Time:  0.857193 seconds
Error: 0.000000e+00
Max: 64
Time:  0.783690 seconds
Error: 0.000000e+00
Max: 64
Time:  0.905775 seconds
Error: 0.000000e+00
