Max: 32
Time:  0.000327 seconds
Error: 0.000000e+00
Max: 32
Time:  0.000353 seconds
Error: 0.000000e+00
Max: 32
Time:  0.000363 seconds
Error: 0.000000e+00
