Max: 16
Time:  0.000296 seconds
Error: 0.000000e+00
Max: 16
Time:  0.000219 seconds
Error: 0.000000e+00
Max: 16
Time:  0.000252 seconds
Error: 0.000000e+00
