Max: 1
Time:  9.715599 seconds
Error: 0.000000e+00
Max: 1
Time:  9.727714 seconds
Error: 0.000000e+00
Max: 1
Time:  9.705487 seconds
Error: 0.000000e+00
