Max: 24
Time:  0.000263 seconds
Error: 0.000000e+00
Max: 24
Time:  0.000201 seconds
Error: 0.000000e+00
Max: 24
Time:  0.000335 seconds
Error: 0.000000e+00
