Max: 1
Time:  0.000090 seconds
Error: 0.000000e+00
Max: 1
Time:  0.000050 seconds
Error: 0.000000e+00
Max: 1
Time:  0.000053 seconds
Error: 0.000000e+00
