Max: 64
Time:  0.857916 seconds
Error: 0.000000e+00
Max: 64
Time:  0.774576 seconds
Error: 0.000000e+00
Max: 64
Time:  0.833306 seconds
Error: 0.000000e+00
