Max: 24
Time:  0.000274 seconds
Error: 0.000000e+00
Max: 24
Time:  0.000270 seconds
Error: 0.000000e+00
Max: 24
Time:  0.000298 seconds
Error: 0.000000e+00
