Max: 1
Time:  9.708670 seconds
Error: 0.000000e+00
Max: 1
Time:  9.757720 seconds
Error: 0.000000e+00
Max: 1
Time:  9.735953 seconds
Error: 0.000000e+00
