Max: 24
Time:  1.261937 seconds
Error: 0.000000e+00
Max: 24
Time:  1.297382 seconds
Error: 0.000000e+00
Max: 24
Time:  1.257596 seconds
Error: 0.000000e+00
