Max: 128
Time:  0.017543 seconds
Error: 0.000000e+00
Max: 128
Time:  0.014237 seconds
Error: 0.000000e+00
Max: 128
Time:  0.014702 seconds
Error: 0.000000e+00
