Max: 48
Time:  0.002785 seconds
Error: 0.000000e+00
Max: 48
Time:  0.000434 seconds
Error: 0.000000e+00
Max: 48
Time:  0.000458 seconds
Error: 0.000000e+00
