Max: 16
Time:  1.243163 seconds
Error: 0.000000e+00
Max: 16
Time:  1.164229 seconds
Error: 0.000000e+00
Max: 16
Time:  1.244541 seconds
Error: 0.000000e+00
