Max: 64
Time:  0.017889 seconds
Error: 0.000000e+00
Max: 64
Time:  0.002159 seconds
Error: 0.000000e+00
Max: 64
Time:  0.000482 seconds
Error: 0.000000e+00
