Max: 1
Time:  0.000095 seconds
Error: 0.000000e+00
Max: 1
Time:  0.000058 seconds
Error: 0.000000e+00
Max: 1
Time:  0.000071 seconds
Error: 0.000000e+00
