Max: 64
Time:  0.797603 seconds
Error: 0.000000e+00
Max: 64
Time:  0.806702 seconds
Error: 0.000000e+00
Max: 64
Time:  0.779215 seconds
Error: 0.000000e+00
