Max: 1
Time:  9.715685 seconds
Error: 0.000000e+00
Max: 1
Time:  9.715842 seconds
Error: 0.000000e+00
Max: 1
Time:  9.719687 seconds
Error: 0.000000e+00
