Max: 64
Time:  0.161362 seconds
Error: 0.000000e+00
Max: 64
Time:  0.011127 seconds
Error: 0.000000e+00
Max: 64
Time:  0.022205 seconds
Error: 0.000000e+00
