Max: 32
Time:  1.084386 seconds
Error: 0.000000e+00
Max: 32
Time:  1.081852 seconds
Error: 0.000000e+00
Max: 32
Time:  1.107354 seconds
Error: 0.000000e+00
