Max: 32
Time:  0.000370 seconds
Error: 0.000000e+00
Max: 32
Time:  0.000297 seconds
Error: 0.000000e+00
Max: 32
Time:  0.000324 seconds
Error: 0.000000e+00
