Max: 48
Time:  0.885955 seconds
Error: 0.000000e+00
Max: 48
Time:  0.901234 seconds
Error: 0.000000e+00
Max: 48
Time:  0.886722 seconds
Error: 0.000000e+00
