Max: 16
Time:  0.000330 seconds
Error: 0.000000e+00
Max: 16
Time:  0.000302 seconds
Error: 0.000000e+00
Max: 16
Time:  0.000243 seconds
Error: 0.000000e+00
