Max: 128
Time:  0.018458 seconds
Error: 0.000000e+00
Max: 128
Time:  0.017262 seconds
Error: 0.000000e+00
Max: 128
Time:  0.016933 seconds
Error: 0.000000e+00
