Max: 48
Time:  0.048361 seconds
Error: 0.000000e+00
Max: 48
Time:  0.002879 seconds
Error: 0.000000e+00
Max: 48
Time:  0.000569 seconds
Error: 0.000000e+00
