Max: 4
Time:  0.000230 seconds
Error: 0.000000e+00
Max: 4
Time:  0.000181 seconds
Error: 0.000000e+00
Max: 4
Time:  0.000194 seconds
Error: 0.000000e+00
