Max: 32
Time:  1.064603 seconds
Error: 0.000000e+00
Max: 32
Time:  1.112146 seconds
Error: 0.000000e+00
Max: 32
Time:  0.860747 seconds
Error: 0.000000e+00
