Max: 32
Time:  3.088686 seconds
Error: 0.000000e+00
Max: 32
Time:  2.678831 seconds
Error: 0.000000e+00
Max: 32
Time:  3.065941 seconds
Error: 0.000000e+00
