Max: 24
Time:  0.031062 seconds
Error: 0.000000e+00
Max: 24
Time:  0.000351 seconds
Error: 0.000000e+00
Max: 24
Time:  0.005523 seconds
Error: 0.000000e+00
