Max: 24
Time:  0.001788 seconds
Error: 0.000000e+00
Max: 24
Time:  0.043128 seconds
Error: 0.000000e+00
Max: 24
Time:  0.015680 seconds
Error: 0.000000e+00
