Max: 24
Time:  3.447995 seconds
Error: 0.000000e+00
Max: 24
Time:  3.488194 seconds
Error: 0.000000e+00
Max: 24
Time:  3.050230 seconds
Error: 0.000000e+00
