Max: 1
Time:  0.000213 seconds
Error: 0.000000e+00
Max: 1
Time:  0.000144 seconds
Error: 0.000000e+00
Max: 1
Time:  0.000204 seconds
Error: 0.000000e+00
