Max: 1
Time:  0.000208 seconds
Error: 0.000000e+00
Max: 1
Time:  0.000213 seconds
Error: 0.000000e+00
Max: 1
Time:  0.000085 seconds
Error: 0.000000e+00
