Max: 16
Time:  3.254989 seconds
Error: 0.000000e+00
Max: 16
Time:  2.677232 seconds
Error: 0.000000e+00
Max: 16
Time:  3.776444 seconds
Error: 0.000000e+00
