Max: 48
Time:  0.083188 seconds
Error: 0.000000e+00
Max: 48
Time:  0.074209 seconds
Error: 0.000000e+00
Max: 48
Time:  0.088816 seconds
Error: 0.000000e+00
