Max: 16
Time:  3.031319 seconds
Error: 0.000000e+00
Max: 16
Time:  2.725951 seconds
Error: 0.000000e+00
Max: 16
Time:  3.370598 seconds
Error: 0.000000e+00
