Max: 48
Time:  0.018413 seconds
Error: 0.000000e+00
Max: 48
Time:  0.092772 seconds
Error: 0.000000e+00
Max: 48
Time:  0.095523 seconds
Error: 0.000000e+00
