Max: 128
Time:  0.144189 seconds
Error: 0.000000e+00
Max: 128
Time:  0.127941 seconds
Error: 0.000000e+00
Max: 128
Time:  0.178481 seconds
Error: 0.000000e+00
