Max: 24
Time:  3.021890 seconds
Error: 0.000000e+00
Max: 24
Time:  3.574778 seconds
Error: 0.000000e+00
Max: 24
Time:  2.716657 seconds
Error: 0.000000e+00
