Max: 32
Time:  3.168964 seconds
Error: 0.000000e+00
Max: 32
Time:  2.446516 seconds
Error: 0.000000e+00
Max: 32
Time:  2.852439 seconds
Error: 0.000000e+00
