Max: 1
Time:  23.700305 seconds
Error: 0.000000e+00
Max: 1
Time:  23.709457 seconds
Error: 0.000000e+00
Max: 1
Time:  23.719981 seconds
Error: 0.000000e+00
