Max: 32
Time:  0.030653 seconds
Error: 0.000000e+00
Max: 32
Time:  0.016948 seconds
Error: 0.000000e+00
Max: 32
Time:  0.000396 seconds
Error: 0.000000e+00
