Max: 128
Time:  16.262852 seconds
Error: 0.000000e+00
Max: 128
Time:  3.028562 seconds
Error: 0.000000e+00
Max: 128
Time:  3.907655 seconds
Error: 0.000000e+00
