Max: 4
Time:  6.094272 seconds
Error: 0.000000e+00
Max: 4
Time:  6.148615 seconds
Error: 0.000000e+00
Max: 4
Time:  6.181765 seconds
Error: 0.000000e+00
