Max: 48
Time:  2.579305 seconds
Error: 0.000000e+00
Max: 48
Time:  2.587480 seconds
Error: 0.000000e+00
Max: 48
Time:  2.591743 seconds
Error: 0.000000e+00
