Max: 128
Time:  4.427833 seconds
Error: 0.000000e+00
Max: 128
Time:  5.762694 seconds
Error: 0.000000e+00
Max: 128
Time:  5.685887 seconds
Error: 0.000000e+00
