Max: 24
Time:  0.081646 seconds
Error: 0.000000e+00
Max: 24
Time:  0.003899 seconds
Error: 0.000000e+00
Max: 24
Time:  0.002512 seconds
Error: 0.000000e+00
