Max: 128
Time:  0.158809 seconds
Error: 0.000000e+00
Max: 128
Time:  0.129887 seconds
Error: 0.000000e+00
Max: 128
Time:  0.170638 seconds
Error: 0.000000e+00
