Max: 16
Time:  2.843184 seconds
Error: 0.000000e+00
Max: 16
Time:  3.316026 seconds
Error: 0.000000e+00
Max: 16
Time:  3.735248 seconds
Error: 0.000000e+00
