Max: 64
Time:  0.097520 seconds
Error: 0.000000e+00
Max: 64
Time:  0.094585 seconds
Error: 0.000000e+00
Max: 64
Time:  0.100284 seconds
Error: 0.000000e+00
