Time:  1.670468 seconds
Error: 0.000000e+00
Time:  1.618960 seconds
Error: 0.000000e+00
Time:  1.703346 seconds
Error: 0.000000e+00
