Time:  1.283258 seconds
Error: 0.000000e+00
Time:  1.228594 seconds
Error: 0.000000e+00
Time:  1.301190 seconds
Error: 0.000000e+00
