Max: 64
Time:  0.036005 seconds
Error: 0.000000e+00
Max: 64
Time:  0.000603 seconds
Error: 0.000000e+00
Max: 64
Time:  0.002378 seconds
Error: 0.000000e+00
