Max: 16
Time:  0.618831 seconds
Error: 0.000000e+00
Max: 16
Time:  0.612124 seconds
Error: 0.000000e+00
Max: 16
Time:  0.634314 seconds
Error: 0.000000e+00
