Max: 4
Time:  1.557498 seconds
Error: 0.000000e+00
Max: 4
Time:  1.409624 seconds
Error: 0.000000e+00
Max: 4
Time:  1.614932 seconds
Error: 0.000000e+00
