Max: 32
Time:  0.003381 seconds
Error: 0.000000e+00
Max: 32
Time:  0.000480 seconds
Error: 0.000000e+00
Max: 32
Time:  0.000308 seconds
Error: 0.000000e+00
