Max: 64
Time:  0.570572 seconds
Error: 0.000000e+00
Max: 64
Time:  0.513744 seconds
Error: 0.000000e+00
Max: 64
Time:  0.481050 seconds
Error: 0.000000e+00
