Max: 32
Time:  0.526921 seconds
Error: 0.000000e+00
Max: 32
Time:  0.499418 seconds
Error: 0.000000e+00
Max: 32
Time:  0.502652 seconds
Error: 0.000000e+00
