Max: 32
Time:  0.526912 seconds
Error: 0.000000e+00
Max: 32
Time:  0.509353 seconds
Error: 0.000000e+00
Max: 32
Time:  0.504962 seconds
Error: 0.000000e+00
