Max: 16
Time:  0.664735 seconds
Error: 0.000000e+00
Max: 16
Time:  0.639361 seconds
Error: 0.000000e+00
Max: 16
Time:  0.607375 seconds
Error: 0.000000e+00
