Max: 1
Time:  0.000062 seconds
Error: 0.000000e+00
Max: 1
Time:  0.000084 seconds
Error: 0.000000e+00
Max: 1
Time:  0.000066 seconds
Error: 0.000000e+00
