Max: 1
Time:  3.877025 seconds
Error: 0.000000e+00
Max: 1
Time:  3.856704 seconds
Error: 0.000000e+00
Max: 1
Time:  3.852393 seconds
Error: 0.000000e+00
