Max: 24
Time:  0.584552 seconds
Error: 0.000000e+00
Max: 24
Time:  0.622665 seconds
Error: 0.000000e+00
Max: 24
Time:  0.543981 seconds
Error: 0.000000e+00
