Max: 48
Time:  0.000438 seconds
Error: 0.000000e+00
Max: 48
Time:  0.000476 seconds
Error: 0.000000e+00
Max: 48
Time:  0.000445 seconds
Error: 0.000000e+00
