Max: 32
Time:  0.002688 seconds
Error: 0.000000e+00
Max: 32
Time:  0.000395 seconds
Error: 0.000000e+00
Max: 32
Time:  0.000393 seconds
Error: 0.000000e+00
