Max: 16
Time:  0.648440 seconds
Error: 0.000000e+00
Max: 16
Time:  0.607522 seconds
Error: 0.000000e+00
Max: 16
Time:  0.612762 seconds
Error: 0.000000e+00
