Max: 128
Time:  2.999505 seconds
Error: 0.000000e+00
Max: 128
Time:  2.787815 seconds
Error: 0.000000e+00
Max: 128
Time:  2.955665 seconds
Error: 0.000000e+00
