Max: 48
Time:  0.000443 seconds
Error: 0.000000e+00
Max: 48
Time:  0.000405 seconds
Error: 0.000000e+00
Max: 48
Time:  0.000461 seconds
Error: 0.000000e+00
