Max: 1
Time:  0.000072 seconds
Error: 0.000000e+00
Max: 1
Time:  0.000037 seconds
Error: 0.000000e+00
Max: 1
Time:  0.000079 seconds
Error: 0.000000e+00
