Max: 16
Time:  0.000324 seconds
Error: 0.000000e+00
Max: 16
Time:  0.000333 seconds
Error: 0.000000e+00
Max: 16
Time:  0.000304 seconds
Error: 0.000000e+00
