Max: 32
Time:  0.613440 seconds
Error: 0.000000e+00
Max: 32
Time:  0.512903 seconds
Error: 0.000000e+00
Max: 32
Time:  0.579272 seconds
Error: 0.000000e+00
