Max: 48
Time:  0.000750 seconds
Error: 0.000000e+00
Max: 48
Time:  0.000517 seconds
Error: 0.000000e+00
Max: 48
Time:  0.000558 seconds
Error: 0.000000e+00
