Max: 128
Time:  0.018663 seconds
Error: 0.000000e+00
Max: 128
Time:  0.019705 seconds
Error: 0.000000e+00
Max: 128
Time:  0.018151 seconds
Error: 0.000000e+00
