Max: 48
Time:  0.516627 seconds
Error: 0.000000e+00
Max: 48
Time:  0.507006 seconds
Error: 0.000000e+00
Max: 48
Time:  0.532766 seconds
Error: 0.000000e+00
