Max: 4
Time:  1.525684 seconds
Error: 0.000000e+00
Max: 4
Time:  1.583913 seconds
Error: 0.000000e+00
Max: 4
Time:  1.563070 seconds
Error: 0.000000e+00
