Time:  2.614623 seconds
Error: 0.000000e+00
Time:  2.581927 seconds
Error: 0.000000e+00
