Time:  0.035992 seconds
Error: 0.000000e+00
Time:  0.036851 seconds
Error: 0.000000e+00
Time:  0.008609 seconds
Error: 0.000000e+00
