Time:  2.427457 seconds
Error: 0.000000e+00
Time:  2.369431 seconds
Error: 0.000000e+00
Time:  2.369595 seconds
Error: 0.000000e+00
