Time:  0.000083 seconds
Error: 0.000000e+00
Time:  0.000591 seconds
Error: 0.000000e+00
Time:  0.000409 seconds
Error: 0.000000e+00
