Time:  2.509170 seconds
Error: 0.000000e+00
Time:  2.525708 seconds
Error: 0.000000e+00
