Time:  0.000549 seconds
Error: 0.000000e+00
Time:  0.000045 seconds
Error: 0.000000e+00
Time:  0.000763 seconds
Error: 0.000000e+00
