Time:  0.000207 seconds
Error: 0.000000e+00
Time:  0.016296 seconds
Error: 0.000000e+00
Time:  0.000416 seconds
Error: 0.000000e+00
