Time:  0.000006 seconds
Error: 0.000000e+00
Time:  0.000006 seconds
Error: 0.000000e+00
Time:  0.000006 seconds
Error: 0.000000e+00
