Time:  9.181887 seconds
Error: 0.000000e+00
Time:  9.131104 seconds
Error: 0.000000e+00
Time:  9.126173 seconds
Error: 0.000000e+00
