Max: 24
Time:  1.341781 seconds
Error: 0.000000e+00
Max: 24
Time:  1.300784 seconds
Error: 0.000000e+00
Max: 24
Time:  1.359591 seconds
Error: 0.000000e+00
