Max: 16
Time:  1.443534 seconds
Error: 0.000000e+00
Max: 16
Time:  1.574194 seconds
Error: 0.000000e+00
Max: 16
Time:  1.674268 seconds
Error: 0.000000e+00
