Max: 64
Time:  0.099442 seconds
Error: 0.000000e+00
Max: 64
Time:  0.134890 seconds
Error: 0.000000e+00
Max: 64
Time:  0.037753 seconds
Error: 0.000000e+00
