Max: 32
Time:  0.006337 seconds
Error: 0.000000e+00
Max: 32
Time:  0.000254 seconds
Error: 0.000000e+00
Max: 32
Time:  0.008736 seconds
Error: 0.000000e+00
