Max: 24
Time:  0.003097 seconds
Error: 0.000000e+00
Max: 24
Time:  0.006501 seconds
Error: 0.000000e+00
Max: 24
Time:  0.006098 seconds
Error: 0.000000e+00
