Max: 16
Time:  1.611843 seconds
Error: 0.000000e+00
Max: 16
Time:  1.599053 seconds
Error: 0.000000e+00
Max: 16
Time:  1.466317 seconds
Error: 0.000000e+00
