Max: 32
Time:  2.262603 seconds
Error: 0.000000e+00
Max: 32
Time:  1.060070 seconds
Error: 0.000000e+00
Max: 32
Time:  1.938359 seconds
Error: 0.000000e+00
