Max: 4
Time:  0.000119 seconds
Error: 0.000000e+00
Max: 4
Time:  0.000144 seconds
Error: 0.000000e+00
Max: 4
Time:  0.000084 seconds
Error: 0.000000e+00
