Max: 64
Time:  0.115172 seconds
Error: 0.000000e+00
Max: 64
Time:  0.098526 seconds
Error: 0.000000e+00
Max: 64
Time:  0.011485 seconds
Error: 0.000000e+00
