Max: 128
Time:  0.015986 seconds
Error: 0.000000e+00
Max: 128
Time:  0.016378 seconds
Error: 0.000000e+00
Max: 128
Time:  0.014936 seconds
Error: 0.000000e+00
