Max: 128
Time:  3.868106 seconds
Error: 0.000000e+00
Max: 128
Time:  3.754988 seconds
Error: 0.000000e+00
Max: 128
Time:  3.863690 seconds
Error: 0.000000e+00
