Max: 48
Time:  8.401061 seconds
Error: 0.000000e+00
Max: 48
Time:  12.483251 seconds
Error: 0.000000e+00
Max: 48
Time:  14.620269 seconds
Error: 0.000000e+00
