Max: 64
Time:  0.783636 seconds
Error: 0.000000e+00
Max: 64
Time:  0.811650 seconds
Error: 0.000000e+00
Max: 64
Time:  0.811812 seconds
Error: 0.000000e+00
