Max: 128
Time:  4.005466 seconds
Error: 0.000000e+00
Max: 128
Time:  3.951403 seconds
Error: 0.000000e+00
Max: 128
Time:  3.938891 seconds
Error: 0.000000e+00
