Max: 48
Time:  9.777507 seconds
Error: 0.000000e+00
Max: 48
Time:  0.852981 seconds
Error: 0.000000e+00
Max: 48
Time:  0.884679 seconds
Error: 0.000000e+00
