Max: 32
Time:  1.994740 seconds
Error: 0.000000e+00
Max: 32
Time:  2.165125 seconds
Error: 0.000000e+00
Max: 32
Time:  2.458726 seconds
Error: 0.000000e+00
