Max: 1
Time:  0.000080 seconds
Error: 0.000000e+00
Max: 1
Time:  0.000038 seconds
Error: 0.000000e+00
Max: 1
Time:  0.000074 seconds
Error: 0.000000e+00
