Max: 32
Time:  0.003172 seconds
Error: 0.000000e+00
Max: 32
Time:  0.004778 seconds
Error: 0.000000e+00
Max: 32
Time:  0.000278 seconds
Error: 0.000000e+00
