Max: 4
Time:  3.979366 seconds
Error: 0.000000e+00
Max: 4
Time:  3.306373 seconds
Error: 0.000000e+00
Max: 4
Time:  3.660855 seconds
Error: 0.000000e+00
