Max: 1
Time:  0.000058 seconds
Error: 0.000000e+00
Max: 1
Time:  0.000054 seconds
Error: 0.000000e+00
Max: 1
Time:  0.000045 seconds
Error: 0.000000e+00
