Time:  2.065251 seconds
Error: 0.000000e+00
Time:  2.056392 seconds
Error: 0.000000e+00
Time:  2.058876 seconds
Error: 0.000000e+00
