Time:  0.015806 seconds
Error: 0.000000e+00
Time:  0.015852 seconds
Error: 0.000000e+00
Time:  0.008187 seconds
Error: 0.000000e+00
