Time:  0.000038 seconds
Error: 0.000000e+00
Time:  0.000068 seconds
Error: 0.000000e+00
Time:  0.000050 seconds
Error: 0.000000e+00
