Time:  0.000531 seconds
Error: 0.000000e+00
Time:  0.000501 seconds
Error: 0.000000e+00
Time:  0.000466 seconds
Error: 0.000000e+00
