Time:  2.024897 seconds
Error: 0.000000e+00
Time:  2.062317 seconds
Error: 0.000000e+00
Time:  2.227375 seconds
Error: 0.000000e+00
