Time:  2.165148 seconds
Error: 0.000000e+00
Time:  2.158861 seconds
Error: 0.000000e+00
Time:  2.138685 seconds
Error: 0.000000e+00
