Time:  3.747579 seconds
Error: 0.000000e+00
Time:  3.581613 seconds
Error: 0.000000e+00
