Time:  0.015133 seconds
Error: 0.000000e+00
Time:  0.000025 seconds
Error: 0.000000e+00
Time:  0.000024 seconds
Error: 0.000000e+00
