Time:  3.735616 seconds
Error: 0.000000e+00
Time:  3.703816 seconds
Error: 0.000000e+00
Time:  3.523649 seconds
Error: 0.000000e+00
