Time:  1.623879 seconds
Error: 0.000000e+00
Time:  1.623717 seconds
Error: 0.000000e+00
Time:  1.665222 seconds
Error: 0.000000e+00
