Time:  1.633617 seconds
Error: 0.000000e+00
Time:  1.779416 seconds
Error: 1.298040e+27
Time:  1.978337 seconds
Error: 0.000000e+00
