Time:  0.000041 seconds
Error: 0.000000e+00
Time:  0.000114 seconds
Error: 0.000000e+00
Time:  0.000196 seconds
Error: 0.000000e+00
