Time:  1.516645 seconds
Error: 0.000000e+00
Time:  1.552693 seconds
Error: 0.000000e+00
Time:  1.589741 seconds
Error: 0.000000e+00
