Time:  1.474875 seconds
Error: 0.000000e+00
Time:  1.458582 seconds
Error: 0.000000e+00
Time:  1.493014 seconds
Error: 0.000000e+00
