Time:  0.000041 seconds
Error: 0.000000e+00
Time:  0.000040 seconds
Error: 0.000000e+00
Time:  0.001365 seconds
Error: 0.000000e+00
