Time:  9.631917 seconds
Error: 0.000000e+00
Time:  9.626711 seconds
Error: 0.000000e+00
Time:  9.624004 seconds
Error: 0.000000e+00
