Time:  0.000044 seconds
Error: 0.000000e+00
Time:  0.000053 seconds
Error: 0.000000e+00
Time:  0.000064 seconds
Error: 0.000000e+00
