Time:  2.015494 seconds
Error: 0.000000e+00
Time:  2.134799 seconds
Error: 0.000000e+00
