Time:  0.000034 seconds
Error: 0.000000e+00
Time:  0.000073 seconds
Error: 0.000000e+00
Time:  0.000638 seconds
Error: 0.000000e+00
