Time:  1.948998 seconds
Error: 0.000000e+00
Time:  1.962513 seconds
Error: 0.000000e+00
Time:  2.006513 seconds
Error: 0.000000e+00
