Time:  2.018950 seconds
Error: 0.000000e+00
Time:  1.986686 seconds
Error: 0.000000e+00
Time:  1.992758 seconds
Error: 0.000000e+00
