Time:  0.000943 seconds
Error: 0.000000e+00
Time:  0.000044 seconds
Error: 0.000000e+00
Time:  0.000048 seconds
Error: 0.000000e+00
