Time:  2.014172 seconds
Error: 0.000000e+00
Time:  2.267740 seconds
Error: 0.000000e+00
Time:  2.256139 seconds
Error: 0.000000e+00
