Time:  0.000360 seconds
Error: 0.000000e+00
Time:  0.000662 seconds
Error: 0.000000e+00
Time:  0.000831 seconds
Error: 0.000000e+00
