Time:  2.843650 seconds
Error: 0.000000e+00
Time:  2.862805 seconds
Error: 0.000000e+00
Time:  2.880524 seconds
Error: 0.000000e+00
