Time:  21.827360 seconds
Error: 0.000000e+00
Time:  21.388094 seconds
Error: 0.000000e+00
Time:  21.391079 seconds
Error: 0.000000e+00
