Time:  0.000009 seconds
Error: 0.000000e+00
Time:  0.000008 seconds
Error: 0.000000e+00
Time:  0.000008 seconds
Error: 0.000000e+00
