Time:  3.142886 seconds
Error: 0.000000e+00
Time:  3.130883 seconds
Error: 0.000000e+00
Time:  3.141247 seconds
Error: 0.000000e+00
