Max: 1
Time:  0.000082 seconds
Error: 0.000000e+00
Max: 1
Time:  0.000069 seconds
Error: 0.000000e+00
Max: 1
Time:  0.000084 seconds
Error: 0.000000e+00
