Max: 16
Time:  0.000292 seconds
Error: 0.000000e+00
Max: 16
Time:  0.000257 seconds
Error: 0.000000e+00
Max: 16
Time:  0.000263 seconds
Error: 0.000000e+00
