Max: 128
Time:  3.797370 seconds
Error: 0.000000e+00
Max: 128
Time:  4.300477 seconds
Error: 0.000000e+00
Max: 128
Time:  3.594915 seconds
Error: 0.000000e+00
