Max: 128
Time:  3.747094 seconds
Error: 0.000000e+00
Max: 128
Time:  4.067374 seconds
Error: 0.000000e+00
Max: 128
Time:  3.698255 seconds
Error: 0.000000e+00
