Max: 4
Time:  3.790396 seconds
Error: 0.000000e+00
Max: 4
Time:  3.378447 seconds
Error: 0.000000e+00
Max: 4
Time:  3.490288 seconds
Error: 0.000000e+00
