Max: 48
Time:  0.002080 seconds
Error: 0.000000e+00
Max: 48
Time:  0.000394 seconds
Error: 0.000000e+00
Max: 48
Time:  0.000398 seconds
Error: 0.000000e+00
