Max: 16
Time:  1.575167 seconds
Error: 0.000000e+00
Max: 16
Time:  1.510849 seconds
Error: 0.000000e+00
Max: 16
Time:  1.262175 seconds
Error: 0.000000e+00
