Max: 32
Time:  0.000225 seconds
Error: 0.000000e+00
Max: 32
Time:  0.000387 seconds
Error: 0.000000e+00
Max: 32
Time:  0.000327 seconds
Error: 0.000000e+00
