Max: 32
Time:  1.029284 seconds
Error: 0.000000e+00
Max: 32
Time:  1.115103 seconds
Error: 0.000000e+00
Max: 32
Time:  1.049860 seconds
Error: 0.000000e+00
