Max: 128
Time:  3.703972 seconds
Error: 0.000000e+00
Max: 128
Time:  3.954792 seconds
Error: 0.000000e+00
Max: 128
Time:  3.857054 seconds
Error: 0.000000e+00
