Max: 24
Time:  0.000331 seconds
Error: 0.000000e+00
Max: 24
Time:  0.000303 seconds
Error: 0.000000e+00
Max: 24
Time:  0.000281 seconds
Error: 0.000000e+00
