Max: 16
Time:  1.172123 seconds
Error: 0.000000e+00
Max: 16
Time:  1.131916 seconds
Error: 0.000000e+00
Max: 16
Time:  1.211525 seconds
Error: 0.000000e+00
