Max: 4
Time:  3.645054 seconds
Error: 0.000000e+00
Max: 4
Time:  3.270643 seconds
Error: 0.000000e+00
Max: 4
Time:  3.521843 seconds
Error: 0.000000e+00
