Max: 24
Time:  1.270160 seconds
Error: 0.000000e+00
Max: 24
Time:  0.953468 seconds
Error: 0.000000e+00
Max: 24
Time:  1.073896 seconds
Error: 0.000000e+00
