Max: 48
Time:  0.935472 seconds
Error: 0.000000e+00
Max: 48
Time:  0.902709 seconds
Error: 0.000000e+00
Max: 48
Time:  0.872733 seconds
Error: 0.000000e+00
