Max: 64
Time:  0.000553 seconds
Error: 0.000000e+00
Max: 64
Time:  0.002305 seconds
Error: 0.000000e+00
Max: 64
Time:  0.000566 seconds
Error: 0.000000e+00
