Max: 48
Time:  0.876312 seconds
Error: 0.000000e+00
Max: 48
Time:  0.905373 seconds
Error: 0.000000e+00
Max: 48
Time:  0.924829 seconds
Error: 0.000000e+00
