Max: 24
Time:  1.040478 seconds
Error: 0.000000e+00
Max: 24
Time:  1.020207 seconds
Error: 0.000000e+00
Max: 24
Time:  1.298202 seconds
Error: 0.000000e+00
