Max: 4
Time:  0.000194 seconds
Error: 0.000000e+00
Max: 4
Time:  0.000203 seconds
Error: 0.000000e+00
Max: 4
Time:  0.000183 seconds
Error: 0.000000e+00
